EMAP= [-40 -44 -49 -53 -57 -61 -65 -70 -74 -78 -82;215 117 85 66 44 29 10 -2 -13 -22 -32;245 208 178 148 122 104 85 66 48 33 18;264 260 241 219 193 167 152 133 119 96 85;264 279 282 275 260 238 223 208 189 171 152;267 290 293 297 290 275 260 256 234 212 193;267 297 305 305 305 301 293 282 267 249 226;267 301 308 312 319 323 319 316 297 279 253;267 301 312 319 327 327 327 327 312 293 267;267 301 312 319 327 334 334 334 319 305 275];
lei=0.021991488283555904;
TH_VEC=[0;20;30;40;50;60;70;80;90;100];
NE_VEC=[799.99999999999989 1200 1599.9999999999998 1999.9999999999998 2400 2800.0000000000005 3199.9999999999995 3599.9999999999995 3999.9999999999995 4400 4800];
